aymane 755 37 33 4 89.000000
Soufiz 35 2 2 0 100.000000
FILALI 22 2 1 1 50.000000
test 49 4 3 1 75.000000
yassine 25 3 3 0 100.000000
yassine 25 3 3 0 100.000000
noaman 0 1 0 1 0.000000
noaman 0 1 0 1 0.000000
Soufiz 50 2 2 0 100.000000
FILALI 22 2 1 1 50.000000
test 49 4 3 1 75.000000
yassine 25 3 3 0 100.000000
yassine 25 3 3 0 100.000000
noaman 0 1 0 1 0.000000
noaman 0 1 0 1 0.000000
FILALI 22 2 1 1 50.000000
test 49 4 3 1 75.000000
yassine 25 3 3 0 100.000000
yassine 25 3 3 0 100.000000
noaman 0 1 0 1 0.000000
noaman 0 1 0 1 0.000000
Soufiz 20 1 1 0 100.000000
Soufiz 20 1 1 0 100.000000
Soufiz 20 1 1 0 100.000000
Soufiz 20 1 1 0 100.000000
Soufiz 20 1 1 0 100.000000
Soufiz 20 1 1 0 100.000000
Soufiz 20 1 1 0 100.000000
Soufiz 20 1 1 0 100.000000
Soufiz 20 1 1 0 100.000000
Soufiz 20 1 1 0 100.000000
Soufiz 20 1 1 0 100.000000
Soufiz 20 1 1 0 100.000000
Soufiz 20 1 1 0 100.000000
Soufiz 20 1 1 0 100.000000
Soufiz 20 1 1 0 100.000000
Soufiz 20 1 1 0 100.000000
