
00000000000000000000000054444444444444444444444444444444444444444444444444444444444444444444444444444444444444444444444444448
00000000000000000000000060001111110001111110001000010000001120000001111110000001111110001111110001000010001120000001000010006
00000000000000000000000060000001000001000000001000010000001111200001000000000001000010001000000001100010001111200001000010006
00000000000000000000000060000001000001000000001000010000001000120001000000000001000010001000000001010010001000120001000010006
00000000000000000000000060000001000001111110001000010000001000110001111110000001111110001111110001010010001000110001000010006
00000000000000000000000060000001000001000000001000010000001000110001000000000001000000001000000001010010001000110001000010006
00000000000000000000000060002001000001000000001000010000001111100001000000000001000000001000000001001010001111100001000010006
00000000000000000000000060001111000001111110003111130000001130000001111110000001000000001111110001000110001130000001111110006
00000000000000000000000074444444444444444444444444444444444444444444444444444444444444444444444444444444444444444444444444449
