5444444444444444444444444444444444444444444444444444444444448
6000211120000001111111100021111111200010000001000211111120006
6000100001200001000001300010000000100010000001000100000010006
6000100000010001000001000010000000100010000001000100000010006
6000100000010001000001000010000000100010000001000100000010006
6000100000230001000013000010000000100010000001000100000010006
6000111111000001111330000011111111100010000001000100000010006
6000100000320001112200000010000000100031000013000100000010006
6000100000010001000310000010000000100001000010000100000010006
6000100000010001000012000010000000100000100100000100000010006
6000100001300001000001000010000000100000311300000100000010006
6000311130000001000001000010000000100000011000000311111130006
7444444444444444444444444444444444444444444444444444444444449
